$ANSIBLE_VAULT;1.1;AES256
35336433306530303061343966633963623862313234323065633035633536663233343630666530
3230653763396136393633353637373032653530306432310a313833333961626139353438336461
36363737326165626434396339643763633137353765343839326138666461663230626132393261
3066666335393166390a333461626232633631306565313665346664363461373330373934383962
37636631316461336630616630616433383838336631306665323461333366333635333066323132
32386438396366633366666236373837323933353631613932343066636363326664633934303337
61663461303737333035306665343862383238653263376464656436373937326336366163653135
66623766333330646261633863623465666538343633393534626366626530636561326633373637
37366664646438366531393763313134376635646234333665343062346130373265623865396564
65326333376363626438313261353766303566353937653664623830623163363866643131666237
34323461613237333238663931343966613065393137643132306234613966303839626562343762
39646665613133393334366435343661373232363431633032633661353134643765636433353937
61626539313163323133343363363861613737626466373766343633313935323161303765623133
62366336343135333831313838663637646165373037633862636162626132363536396233343462
63393861663064626534303338313133386433323235616338396462663731666434613232376365
63316238353633663937356430333534626535633737383231353332356662363132376534346638
62633531653564356135373432376633323536653064306133373832356161643937393661393539
38643639666464353165626463343336396462306662313664356262356264633635353136353761
36313137373261323863623763333365633837623962373262323962653730613862633763386339
39313031663239353932316165383936303564636364393730353730353130313763343564323131
64336363656431623064326235653365303839626162353562653734646438613937333237643837
38366565363166313336626661363030396563306336333430353164353163346634333162636461
39663065353866353334343966353136656436313933396166396666663536643465306234373030
31656363373263336234643666383837316637613634643965373130623738393132306365393662
36336633316663616534333934383632643134376563333261326466396534353736
